7166575
8173034
9205757
5071964
3701812
2673279
6387917
9150580
7909831
9925537
7128428
4675243
5998676
3703810
4538943
2641217
8209822
5597023
2039163
8165897
8285476
5519789
5568020
3071521
8434421
3085193
9677679
4953752
4164717
8193227
3677177
7656544
2149751
5743588
8795235
5411063
8790256
6846255
1896511
3087681
9372947
3531301
9616088
2312171
1400299
3308480
6195494
6668783
5884560
9343428
7103221
7471749
4671064
6448854
4615330
8750463
1929496
5064889
2216730
1163240
5157000
3091986
6128904
8650317
3476956
5952696
1405225
2169227
2818250
4161656
1736288
7695281
2115920
5853191
6593263
8046436
7337435
5438574
6897006
3586545
1425300
2587280
1166070
5779255
9826654
7083921
5482094
7260135
1930671
6083424
5149661
2494524
4325300
6858195
6187239
7273169
4094871
5237150
6669049
3957934
9359221
8138472
1732032
8779114
6486015
9637945
5986794
4487260
8090290
2752847
5895788
9281819
6879491
8084299
2974140
1557453
8084061
9088739
1474139
9294734
9837879
3211820
7995032
6725860
9805984
2055100
9421874
8277928
2722266
1399033
7324848
8345816
1550892
1961850
4237825
4955878
3269232
6823194
2610598
9594771
1463568
8362049
3113881
8428645
7360241
5961832
5018134
5444867
7609248
2173924
8833756
7741868
4003872
8812771
3021919
2051218
5412292
7825385
2815910
3735227
4979050
9844834
7997919
4784015
4675008
7369002
7290167
5656746
2746919
9629850
2619570
4010618
9108860
8689358
8946747
9687303
8124627
8762048
2563381
5193233
7108944
5012158
3961777
3200180
3986771
1201506
1705342
8298626
3144812
8179746
3850574
4942110
9146224
3507275
5199586
1631679
8622969
6322938
2503658
7193472
7616673
6127171
9256824
1697361
5697128
6342838
1603591
6132527
3636582
6234229
2744152
7750777
9803140
4883956
1570546
8031979
7722520
3827296
3557876
2224195
6162693
4283765
8159767
7525106
5417428
6750605
3361836
8464635
4125307
7151698
9216611
6759732
2815220
3328980
5948301
6709255
4442136
1516097
9302178
9130789
1289729
1987594
3148500
6177215
3398517
4272025
8690301
7234492
4352138
9562310
5257975
5872933
9687254
8474199
4505467
4846723
8252803
9400358
1227075
4850304
2721263
9888936
4859138
3343419
4490061
7096094
3496215
5664502
6343780
3804553
3684148
3292503
5555016
5107373
5866778
9485679
8985659
9677529
4715219
4253965
6924132
5133660
9000756
8048952
9347269
4923293
9928700
3602243
4943769
9815412
4351112
2133946
2623374
2789919
1727961
8797674
2995070
8643997
3136366
5141359
8830498
1113804
1111433
3883978
6496478
7993288
4876468
3670986
6359948
2777673
8568603
6147419
4624601
7462410
6955445
2600630
2188378
3636128
8710323
1243637
1705108
7163496
6801927
3977516
8041504
2196128
6864942
6374178
5540481
6225152
9352135
1448199
9362890
9523329
6252504
8944257
1199159
1505879
2409807
4690565
2041422
5673851
6592647
3730191
9323881
3910024
7275611
8035760
4141207
2726585
9083527
6634157
5432773
7744471
3198146
9262303
5387335
7402302
3480944
4129221
8701110
7961158
9365537
9948491
6031226
7098375
6937909
9759733
7256219
5394167
9427913
7249854
5063363
5705472
3621064
4938827
5682399
1442008
9729781
4125738
2880359
1150373
9851242
8126782
7445814
8074734
4889984
1379818
6038900
7985336
6865388
6249310
3896444
9674578
8148602
7772310
9845430
5959977
3424327
1217148
1347254
4971061
2512345
3559993
2641512
7872151
3172037
3667142
1324014
3756362
7400889
3483842
5380570
2038452
6616175
8932012
9918161
1839347
4783387
9664023
5912437
4134451
7180441
4856499
8503151
4177468
2561000
1418599
1864166
4106156
2788849
9928445
7344384
5465019
9319820
7466385
6303181
4131181
5919779
7708718
5758920
8605710
3742314
9590061
3425164
7300958
7082748
1132493
4094377
2786199
5496037
5895449
6990992
1662605
2796586
6632904
8656579
9882243
5245023
4968538
5674912
2522375
5053407
4940217
9545428
7714153
6906149
2979859
5593056
4049769
3091161
2706055
9208147
7157711
5091249
7381468
7522073
1410925
1248036
1251228
2339814
1426494
1209394
4040307
7205191
6977221
4745137
5996599
4055682
6306158
8262170
8945268
6387385
3428895
8665983
3211938
1680367
6584462
1529825
4398105
5038266
7734556
8202880
6072168
1860305
6437577
4023039
8563467
2282884
4478058
2378176
3991774
4342327
5927661
1519140
7769649
3421762
9537494
9109196
2739684
4572500
9941139
7953976
6336865
9045586
5498872
5137235
5062080
4744534
3109523
8331646
3320978
3710902
8415533
5109180
2544847
8779482
5233105
6703537
9392519
3934451
8738324
5741119
4752540
9478149
9829213
5350663
5340336
7521972
6546263
7306038
2904845
9895242
6661936
7225736
2134218
8190742
1698828
3155774
1780789
3847650
9668890
8991029
2372631
4932329
5997945
2070787
4398469
5945657
5154298
5317701
3436157
9443454
6249876
1292388
9914769
1738584
3246546
2539656
2797572
6613114
9494078
2527976
1320984
5472637
6536673
7415466
8382407
3586007
2517838
4607636
9733827
2510169
5240824
7790687
6284044
5699398
3184898
5901036
7540336
5551127
2717474
3416580
8881271
9608218
3128692
1911439
2654943
9902519
9572111
8017399
7397415
1141001
9259404
3905375
4859300
5848275
8168029
4401020
8801480
2085523
9086256
6559273
7965975
8949414
5829177
6454272
6802308
2979141
5528727
7171181
3705939
2134250
4581807
8855743
2686421
7906706
7281348
9709861
8508159
5746609
1136103
6271136
9818461
1422282
2687617
9445908
3484949
9041529
4540367
8492932
4688593
7648293
8514580
4529664
9936518
2861497
3313267
7501267
1272446
2064398
3349194
1795887
3650931
3936564
3825577
8661027
4144960
7454227
7583030
5222284
2099837
3095901
1809849
8192564
4440202
2583793
1392600
5522635
8607702
4334800
2181536
2890347
7852688
5409725
9628728
3339820
6233896
8707994
6539462
4565759
9043580
1243631
3963524
3866455
7023711
1613796
7527031
2541032
1373998
6788572
6497618
6257999
4306987
5489776
7566751
6392650
8050636
3152504
6870807
7331598
4713180
9679064
3717474
9905192
5642581
6102302
7930717
1500296
8914700
5164016
3600747
6271512
3147578
6796724
3597174
3441327
2403524
8656942
8382081
9933949
7158384
7515285
9161715
1700197
4889711
7459074
7580645
4305920
5361615
6842648
5499703
7190902
1616653
6792377
9731714
1842071
3072183
7437842
7506881
9430447
6894994
2207596
8945859
4086065
7482429
1467034
3603962
5394054
1542693
9040900
7968582
3994191
1137798
6228158
2774106
3122556
9236343
3751021
6518974
6674231
7655276
2335072
6061978
6321080
4954196
2243150
5442784
7813313
1477782
8140364
8482860
4037358
9518679
2812390
2407589
6119169
4028423
4898839
4563539
9203294
2181845
9944230
9567466
7731346
3087016
7846587
2940386
3205485
4627362
3406115
3150984
7400574
6733022
5900804
1571875
7641880
1351542
4426646
2836589
8778774
2923672
8341285
5718894
7237787
5024171
3278816
6105339
8153935
5304312
2470120
2914357
7475971
3446144
2733713
1866279
3523059
9458734
2485885
5502285
6857601
1428114
7068498
3256550
6795329
2591790
5780986
9689627
8382633
3705463
9983026
5852157
4030845
6425370
3459954
6310865
5671252
3957804
6677725
2709121
7375537
1555258
9410004
9654657
1562965
2504927
8393712
6388219
3032295
1995486
3515176
7573717
9070404
7368670
6714359
3194816
1377161
8430478
7144203
5301425
1797170
8745026
7415251
3217025
1658012
3532594
9286488
7908566
1774758
8218248
2245735
3037268
1359198
7644333
9129186
1789030
6373002
3579639
6978593
7871927
8190124
1140141
1645401
2809447
8998275
1274403
8662045
1612671
5977651
8175734
9842530
5552925
6421440
3128090
1826184
9589783
1693914
6955031
1949607
1325193
7922861
9911934
3353203
7168346
5868004
9833673
4745036
6161463
8760628
1666817
9575465
5134411
6978947
6015360
6256970
8845984
4065901
1384942
6239874
3986252
5711381
8967862
5822300
8285465
2726732
1608460
4432285
4996720
4718306
3823127
3623621
2606262
8047198
3810321
9712914
4283877
9110009
5025669
5982407
9107344
1877306
3001157
8488357
2537600
6541685
6402935
2459128
1618242
2203227
8022316
7937081
2445233
2836662
9194358
3792608
1807891
1390295
1392764
2214024
1373917
2748957
1187630
1561305
7360164
3691892
7474106
5850787
7661692
9101786
4969759
6098697
2074405
7128717
1563228
2082728
4060608
5844332
2059852
5368791
3810839
9586932
2280053
8494109
5914442
3180744
5315737
1510065
5349076
4779055
9412762
2918209
7591753
8251982
5368256
2639276
8557563
9753908
6171157
1956586
4397486
2620663
2760431
1284310
9291439
1759050
9286551
5715652
6330920
1408146
5501565
8106170
2447766
8917126
9624819
4717184
9547469
4964469
1308501
6894273
9075186
7068371
2164162
1800165
3532842
5913820
7465255
2119661
2982404
2280086
9002213
1247924
8784578
2444498
7316790
7196035
7110898
3084604
6342581
1564976
9199100
6489975
8921055
4788595
4976658
1476763
5966476
5050827
7736949
9854804
8131806
4854422
4776099
9365619
7109998
3416214
6062044
1804445
6200326
2555821
7177672
6935305
8030692
1830587
3635611
2597105
8347343
2950375
9250852
7902422
9121502
1709401
3333991
9763949
3694889
4390840
6661787
1755846
2868969
1230813
4605173
4217319
2521736
5059628
3680685
8856015
3524788
3102221
9988468
2945608
1558358
5067714
1881592
2218733
8859606
8017827
9388962
3741385
8880507
4687753
2998097
7006395
8258060
9907918
5970392
6862680
2414836
4039600
9253623
4719534
9337273
7800110
2302283
6330295
9538790
8545408
8371483
1259399
6137650
3191278
8885826
2615317
6689213
2666370
4682458
9677327
1218883
6505912
6996280
4948034
9984177
4954348
3078461
8450347
6212567
9256010
3099552
2938552
1356917
2195692
2028670
5592942
5902516
7525748
5745452
5108416
6161214
4574700
7852515
9620928
6026631
5017339
9256613
3877849
5877756
8371965
9774118
7652608
7346831
3554691
1235319
6958857
8582874
4053407
9820310
9502333
8585462
5393206
3029678
9852371
7346982
6842077
7685033
1962477
6992450
1488791
7363424
3359365
1384976
4195255
5487304
9974560
9876583
8563424
8197845
5227700
1582455
1383331
6086564
9847197
1664969
6035259
9672609
3109509
5312848
5937082
5985675
5885540
6109359
5511451
8301694
2517999
7232467
1897751
7197721
1730733
1641222
8641026
6052014
1392405
6360364
9945437
2361784
7451361
9056578
2817639
5425710
4747409
8041878
7444753
3541550
8909633
2979579
8827061
7201535
9601824
8740298
7327896
4066853
8606811
2906953
3874277
3567928
1509356
6244577
2450041
4828138
9274209
9648331
3096271
7365007
9711183
8981373
7715771
2618942
8936855
2888283
6217038
1404171
2145030
2368319
8757587
4427387
1441686
9420341
4299145
5043941
8453971
5268449
6201839
4530555
4732480
5513109
4893983
1579529
7923964
5584468
9763145
9679841
3135100
7142690
2419790
3224073
8696145
9389727
8332427
1272215
7055799
1980059
2521933
1802050
1826748
2701406
6904903
3675872
1206402
1528023
1307174
8493322
3840529
1120702
8555619
3461258
6845188
6192125
4699651
6298362
4078843
2309561
6100209
6355524
5095176
7818222
2909265
8254826
1521061
3917273
5281887
6802333
7742233
7132331
5315434
2987999
4085229
5500102
9134225
9237994
7358995
8722651
4351205
5060419
6122560
5798086
2470646
8512305
3469958
5763018
6389375
8084663
6377527
8945760
5738002
2120872
7114415
2630192
8838092
1375876
9257286
9363815
2787112
7734385
2599059
7959349
2678721
7652104
6980620
5795035
6592707
6325854
6477430
2996940
8167192
7648568
5565481
5069329
9402426
6237279
7067813
6578427
3653464
3650177
1394218
5904306
9710181
9648173
6194275
8744035
6897629
5977552
4440906
3533621
9845354
9747376
9789436
5603138
7341166
5736587
1321565
8435645
8633832
9964647
4684634
3217638
2821877
9106348
5048382
5086618
8353556
3851179
4411269
4430744
1989129
4098523
5760897
7156266
9497616
2935963
2629619
5073138
1608032
5279427
9865998
9925938
2887659
6881105
4059072
7592958
3153459
3955400
8422851
7503756
3326025
5679650
1554667
5456099
6845226
1402175
2789764
8534071
3361961
7344046
4152343
6785084
8465015
2027807
2378110
4127734
9777927
4950870
3376283
1442326
5314087
9512583
7000455
3260363
3964619
9992423
5481450
4834303
6556008
1795268
3137434
7229100
7431485
2850105
3939630
9349847
7650204
6256182
4543828
1931506
3111562
4751447
3805968
9236131
6267444
4475112
3001540
6246074
7680809
5816451
4721467
4305625
5931787
9665002
9271081
1426883
5768547
8662765
9320243
6193859
8471754
1348095
6629978
8348199
7365337
5489195
7826091
9112619
8787320
3949612
5116263
8212468
3719685
6529370
4599024
7445292
1133646
8772116
1559999
5228376
2392070
5947792
2979723
3911380
8186951
6838658
1873996
4759769
8132668
4811974
6231112
9122536
6582776
4498693
6554088
5417713
4277037
4986471
1179881
2531362
1418907
6287554
8341768
6410620
3879576
2826148
7148666
6719737
5976783
6139031
3564655
5826979
6228437
2367726
8991923
3609960
1778306
3952845
6506860
4052598
2689867
3949235
4962410
8375492
6646777
3204790
3939064
5511162
9325459
2203880
8850590
5020400
3092367
7193213
1184242
3985852
4508188
7918194
9914023
3040341
8715611
4591812
7950004
7962650
6890240
7441152
6599725
4224415
4033045
8499211
2386061
4424014
4893425
1396266
8302437
8382305
5130708
6492618
7178967
6382270
6615442
3152700
3369033
7528906
9065024
6404468
1778510
3335159
1577271
2297027
2163606
8794050
2248838
2599434
1977781
5014886
1612417
5409529
3945368
8934125
9158306
1533665
7176082
4119994
6423679
8246443
2870108
5387954
8657119
3587440
1821435
9767686
5361865
7692731
8236334
6192436
5247490
1743570
3068467
5188383
9665517
9720061
5234515
2462754
1837244
5753413
4384425
3197850
2581897
5414482
4795731
5595056
3468148
5868428
8446534
7584121
3578032
6691126
4004039
2711142
4037921
6089401
6818871
9024946
8781727
3338149
7135518
8882561
6071482
2931628
3845786
1382793
9980793
8072102
3066985
3432143
6723845
4639581
4686118
8878614
1982045
7174326
6398878
2586627
1177265
9729404
6675823
6312748
1364883
9581929
7756464
3809828
7304908
8355796
4904825
4367139
7227431
2034853
4599708
8420070
8275389
5298019
8205106
7179988
7819942
7039887
2225293
9737992
9856338
6836817
2137108
3601820
8410517
5066210
6001030
5612242
8359463
4885907
7863863
6925220
4981645
1691501
8587342
6156176
9583903
5950179
2835258
3217746
2170601
9930146
4533512
8642118
6087120
1657520
7253669
5976700
6073188
6370068
1532279
2550308
6693940
5582460
8517643
6094134
3541532
1183620
5952168
3201631
4438639
3755080
1635113
1846255
9085596
1462231
4209980
3725684
6250222
2778469
3124324
8761993
8282448
6036167
4713850
3522241
5344930
8587946
2528973
7532925
2312729
5500809
9043356
3234034
1862936
1759046
7893519
2990981
1975791
2123516
7635138
2773138
6544284
6613141
5791960
8421580
5293709
3759272
4806305
7722886
4233971
7738258
8229275
3947885
5343819
7596359
7610684
9286003
9692414
8163415
5189611
3124351
9771093
4602314
2879570
8179961
9477103
1456102
7174282
1907674
3912010
1946704
3760865
8643633
8461184
7167620
6673992
4969601
6262872
3279399
9716743
2356927
8682221
1193095
3686564
9494699
7044588
9542778
9997293
8668501
9352081
6666246
3198030
2697415
7394772
4709826
6716684
6081073
7567645
8801171
7565555
5266681
6032238
3834040
6771578
4527011
7139157
5978491
7499383
2751581
8518918
8601168
6260727
7870166
7707488
8370484
1859525
5944045
1656864
4118285
9279915
4155824
6428526
4714438
4904729
3134331
5848647
6136884
5011154
5829304
3761843
6202088
6781424
7614901
9722575
6160502
9056432
9470782
9515294
8926063
2003656
8504850
4965762
3521720
2608068
3301980
8624899
3514064
5854267
3509147
9340662
5768062
6967154
7181463
2225267
5083695
1686776
6389960
1851590
4200982
5846129
5253626
4426845
2777592
8373679
7061587
5585133
2838112
9409922
9697218
5491982
4078887
3454547
7069282
5016668
7605273
8943810
5163893
2437190
8999937
4307833
2062988
8812316
9479355
1479076
4411855
7347533
4477612
5333340
1375965
3072342
4929535
4564143
2725597
9187402
1958002
4084044
1411695
6466164
5203902
8858543
8656681
4688526
8701882
3141240
4659152
8429258
5270637
6790679
1218547
5517981
4070601
3204627
4602072
1413238
2836570
5102171
8155147
2869095
2006797
8587486
2207293
7128386
4053048
7533312
4928948
1182404
7731858
4849915
1252786
9113525
1345421
3860437
8576025
2663176
4880348
3705475
7282575
1895494
7913326
3197208
7772718
5053320
3407424
3145871
6736602
2313839
7761861
6564571
4629609
3927954
8185796
5979954
9484163
6881396
5842946
4971998
4885073
9767820
8021062
2747540
5639887
8727037
3659676
7758144
7748338
4825321
4868246
3301153
9589153
4398230
5875015
6311388
9450504
8946158
7321839
6411776
8649726
1682497
6086451
6923753
8732169
9332413
7262844
1946467
3281254
1858563
1156755
3571675
1825875
7994675
1688633
8117577
7917489
8263397
6285448
5857190
6624089
1309135
6645375
1581421
8978822
3366556
5713188
1528284
6632750